# relative_time, cycles_done, cur_item, corpus_count, pending_total, pending_favs, map_size, saved_crashes, saved_hangs, max_depth, execs_per_sec, total_execs, edges_found, total_crashes, servers_count
60, 22, 1, 2, 0, 0, 33.33%, 0, 0, 1, 145.59, 8984, 3, 0, 0
65, 24, 1, 2, 0, 0, 33.33%, 0, 0, 1, 148.13, 9734, 3, 0, 0
70, 26, 1, 2, 0, 0, 33.33%, 0, 0, 1, 147.45, 10480, 3, 0, 0
76, 28, 1, 2, 0, 0, 33.33%, 0, 0, 1, 148.17, 11232, 3, 0, 0
81, 29, 1, 2, 0, 0, 33.33%, 0, 0, 1, 147.31, 11978, 3, 0, 0
86, 31, 1, 2, 0, 0, 33.33%, 0, 0, 1, 148.27, 12726, 3, 0, 0
91, 33, 1, 2, 0, 0, 33.33%, 0, 0, 1, 147.89, 13474, 3, 0, 0
96, 35, 1, 2, 0, 0, 33.33%, 0, 0, 1, 148.51, 14224, 3, 0, 0
101, 37, 1, 2, 0, 0, 33.33%, 0, 0, 1, 147.12, 14970, 3, 0, 0
106, 39, 1, 2, 0, 0, 33.33%, 0, 0, 1, 148.21, 15720, 3, 0, 0
111, 41, 1, 2, 0, 0, 33.33%, 0, 0, 1, 148.49, 16472, 3, 0, 0
116, 42, 1, 2, 0, 0, 33.33%, 0, 0, 1, 144.58, 17212, 3, 0, 0
121, 44, 1, 2, 0, 0, 33.33%, 0, 0, 1, 147.08, 17962, 3, 0, 0
126, 46, 1, 2, 0, 0, 33.33%, 0, 0, 1, 146.84, 18712, 3, 0, 0
131, 48, 1, 2, 0, 0, 33.33%, 0, 0, 1, 146.97, 19460, 3, 0, 0
136, 50, 1, 2, 0, 0, 33.33%, 0, 0, 1, 148.22, 20210, 3, 0, 0
141, 52, 1, 2, 0, 0, 33.33%, 0, 0, 1, 147.54, 20956, 3, 0, 0
146, 54, 1, 2, 0, 0, 33.33%, 0, 0, 1, 148.04, 21704, 3, 0, 0
152, 56, 1, 2, 0, 0, 33.33%, 0, 0, 1, 143.37, 22434, 3, 0, 0
157, 57, 1, 2, 0, 0, 33.33%, 0, 0, 1, 147.87, 23184, 3, 0, 0
162, 59, 1, 2, 0, 0, 33.33%, 0, 0, 1, 148.08, 23932, 3, 0, 0
167, 61, 1, 2, 0, 0, 33.33%, 0, 0, 1, 147.97, 24680, 3, 0, 0
172, 63, 1, 2, 0, 0, 33.33%, 0, 0, 1, 148.54, 25430, 3, 0, 0
177, 65, 1, 2, 0, 0, 33.33%, 0, 0, 1, 147.65, 26178, 3, 0, 0
182, 67, 1, 2, 0, 0, 33.33%, 0, 0, 1, 148.56, 26928, 3, 0, 0
187, 69, 1, 2, 0, 0, 33.33%, 0, 0, 1, 148.43, 27678, 3, 0, 0
192, 71, 1, 2, 0, 0, 33.33%, 0, 0, 1, 148.10, 28426, 3, 0, 0
197, 72, 1, 2, 0, 0, 33.33%, 0, 0, 1, 148.38, 29176, 3, 0, 0
202, 74, 1, 2, 0, 0, 33.33%, 0, 0, 1, 148.87, 29926, 3, 0, 0
207, 76, 1, 2, 0, 0, 33.33%, 0, 0, 1, 148.00, 30674, 3, 0, 0
212, 78, 1, 2, 0, 0, 33.33%, 0, 0, 1, 147.71, 31420, 3, 0, 0
217, 80, 1, 2, 0, 0, 33.33%, 0, 0, 1, 147.88, 32168, 3, 0, 0
222, 82, 1, 2, 0, 0, 33.33%, 0, 0, 1, 147.84, 32918, 3, 0, 0
227, 84, 1, 2, 0, 0, 33.33%, 0, 0, 1, 147.52, 33664, 3, 0, 0
232, 85, 1, 2, 0, 0, 33.33%, 0, 0, 1, 148.00, 34414, 3, 0, 0
238, 87, 1, 2, 0, 0, 33.33%, 0, 0, 1, 147.18, 35160, 3, 0, 0
243, 89, 1, 2, 0, 0, 33.33%, 0, 0, 1, 147.47, 35906, 3, 0, 0
248, 91, 1, 2, 0, 0, 33.33%, 0, 0, 1, 147.88, 36656, 3, 0, 0
253, 93, 1, 2, 0, 0, 33.33%, 0, 0, 1, 148.60, 37406, 3, 0, 0
258, 95, 1, 2, 0, 0, 33.33%, 0, 0, 1, 147.61, 38152, 3, 0, 0
263, 97, 1, 2, 0, 0, 33.33%, 0, 0, 1, 148.09, 38902, 3, 0, 0
268, 99, 1, 2, 0, 0, 33.33%, 0, 0, 1, 148.47, 39652, 3, 0, 0
273, 100, 1, 2, 0, 0, 33.33%, 0, 0, 1, 147.82, 40400, 3, 0, 0
278, 102, 1, 2, 0, 0, 33.33%, 0, 0, 1, 148.43, 41150, 3, 0, 0
283, 104, 1, 2, 0, 0, 33.33%, 0, 0, 1, 146.09, 41878, 3, 0, 0
288, 106, 1, 2, 0, 0, 33.33%, 0, 0, 1, 146.84, 42626, 3, 0, 0
293, 108, 1, 2, 0, 0, 33.33%, 0, 0, 1, 147.02, 43370, 3, 0, 0
298, 110, 1, 2, 0, 0, 33.33%, 0, 0, 1, 147.90, 44120, 3, 0, 0
303, 112, 1, 2, 0, 0, 33.33%, 0, 0, 1, 148.14, 44870, 3, 0, 0
308, 113, 1, 2, 0, 0, 33.33%, 0, 0, 1, 146.97, 45614, 3, 0, 0
313, 115, 1, 2, 0, 0, 33.33%, 0, 0, 1, 148.14, 46364, 3, 0, 0
319, 117, 1, 2, 0, 0, 33.33%, 0, 0, 1, 143.05, 47096, 3, 0, 0
324, 119, 1, 2, 0, 0, 33.33%, 0, 0, 1, 144.13, 47838, 3, 0, 0
329, 121, 1, 2, 0, 0, 33.33%, 0, 0, 1, 145.80, 48582, 3, 0, 0
334, 123, 1, 2, 0, 0, 33.33%, 0, 0, 1, 145.68, 49328, 3, 0, 0
339, 125, 1, 2, 0, 0, 33.33%, 0, 0, 1, 147.80, 50078, 3, 0, 0
344, 127, 1, 2, 0, 0, 33.33%, 0, 0, 1, 147.05, 50828, 3, 0, 0
349, 128, 1, 2, 0, 0, 33.33%, 0, 0, 1, 135.61, 51540, 3, 0, 0
354, 130, 1, 2, 0, 0, 33.33%, 0, 0, 1, 116.36, 52108, 3, 0, 0
360, 131, 1, 2, 0, 0, 33.33%, 0, 0, 1, 135.45, 52814, 3, 0, 0
365, 133, 1, 2, 0, 0, 33.33%, 0, 0, 1, 144.51, 53564, 3, 0, 0
365, 133, 1, 2, 0, 0, 33.33%, 0, 0, 1, 0.00, 53594, 3, 0, 0
